Acc=[99.5 81.5 72.5 68.5;
    100 88.5 78.5 69.5;
    100 93.25 82.5 74;
    100 98 84 78.3];
AA=100-Acc;
C=[0.1 0.1 0.1 0.1;
    1 1 1 1;
    10 10 10 10;
    100 100 100 100]
S=[0.1 1 10 100;
    0.1 1 10 100;
    0.1 1 10 100;
    0.1 1 10 100]